0 7 2 99999 99999 99999 99999 99999 99999 99999 99999 99999 
7 0 4 99999 4 4 99999 99999 99999 99999 99999 99999
2 4 0 3 2 99999 99999 99999 99999 99999 99999 99999 
99999 99999 3 0 3 99999 1 99999 99999 99999 99999 99999 
99999 4 2 3 0 2 99999 99999 99999 99999 99999 99999
99999 4 99999 99999 2 0 2 2 99999 99999 99999 99999
99999 99999 99999 1 99999 2 0 5 99999 99999 99999 99999
99999 99999 99999 99999 99999 2 5 0 1 99999 99999 99999
99999 99999 99999 99999 99999 99999 99999 1 0 2 2 99999
99999 99999 99999 99999 99999 99999 99999 99999 2 0 9 99999 
99999 99999 99999 99999 99999 99999 99999 99999 2 9 0 3
99999 99999 99999 99999 99999 99999 99999 99999 99999 99999 3 0